t 50
a 211 110 1126 1106 303 1469 43 123 404 179 3088 5138 0 160 541 221 4723 131 684 685 831 687 1168 1379 2806 4468 1517 1932 161 5008 5672 5671 5670 5669 1684 1376 2805 4455 1929 266 5137 4700 8785 1995 2330 1293 280 86 915 1047
a 211 110 1126 1106 303 1469 43 123 404 179 3088 5138 0 160 541 221 4723 131 684 685 831 687 1168 1379 2806 4468 1517 1932 161 5008 5672 5671 5670 5669 1684 1376 2805 4455 1929 266 5137 4700 8785 1995 2330 1293 280 86 915 937
a 211 110 1126 1106 303 1469 43 123 404 179 3088 5138 0 160 541 221 4723 131 684 685 831 687 1168 1379 2806 4468 1517 1932 161 5008 5672 5671 5670 5669 1684 1376 2805 4455 1929 266 5137 4700 8785 1995 2330 1293 280 937 915 1047
a 211 110 1126 1106 303 1469 43 123 404 179 3088 5138 0 160 541 221 4723 131 684 685 831 687 1168 1379 2806 4468 1517 1932 161 5008 5672 5671 5670 5669 1684 1376 2805 4455 1929 266 5137 4700 8785 1995 2330 1293 280 2599 915 1047
a 211 110 1126 1106 303 1469 43 123 404 179 3088 5138 0 160 541 221 4723 131 684 685 831 687 1168 1379 2806 4468 1517 1932 161 5008 5672 5671 5670 5669 1684 1376 2805 4455 1929 266 5137 4700 8785 1995 2330 1293 280 2599 915 937
a 211 110 1126 1106 303 1469 43 123 404 179 3088 5138 0 160 541 221 4723 131 684 685 831 687 1168 1379 2806 4468 1517 1932 161 5008 5672 5671 5670 5669 1684 1376 2805 4455 1929 266 5137 4700 8785 1995 2330 1293 5508 86 915 1047
a 211 110 1126 1106 303 1469 43 123 404 179 3088 5138 0 160 541 221 4723 131 684 685 831 687 1168 1379 2806 4468 1517 1932 161 5008 5672 5671 5670 5669 1684 1376 2805 4455 1929 266 5137 4700 8785 1995 2330 1293 5508 86 915 937
a 211 110 1126 1106 303 1469 43 123 404 179 3088 5138 0 160 541 221 4723 131 684 685 831 687 1168 1379 2806 4468 1517 1932 161 5008 5672 5671 5670 5669 1684 1376 2805 4455 1929 266 5137 4700 8785 1995 2330 1293 5508 937 915 1047
a 211 110 1126 1106 303 1469 43 123 404 179 3088 5138 0 160 541 221 4723 131 684 685 831 687 1168 1379 2806 4468 1517 1932 161 5008 5672 5671 5670 5669 1684 1376 2805 4455 1929 266 5137 4700 8785 1995 2330 1293 5508 2599 915 1047
a 211 110 1126 1106 303 1469 43 123 404 179 3088 5138 0 160 541 221 4723 131 684 685 831 687 1168 1379 2806 4468 1517 1932 161 5008 5672 5671 5670 5669 1684 1376 2805 4455 1929 266 5137 4700 8785 1995 2330 1293 5508 2599 915 937
a 211 110 1126 1106 303 1469 43 123 404 179 3088 5138 0 160 541 221 4723 131 684 685 831 687 1168 1379 2806 4468 1517 1932 161 5008 5672 5671 5670 5669 1684 1376 2805 4455 1929 266 5137 4700 8785 1995 4107 4106 280 86 915 30
a 211 110 1126 1106 303 1469 43 123 404 179 3088 5138 0 160 541 221 4723 131 684 685 831 687 1168 1379 2806 4468 1517 1932 161 5008 5672 5671 5670 5669 1684 1376 2805 4455 1929 266 5137 4700 8785 1995 4107 4106 280 937 915 30
a 211 110 1126 1106 303 1469 43 123 404 179 3088 5138 0 160 541 221 4723 131 684 685 831 687 1168 1379 2806 4468 1517 1932 161 5008 5672 5671 5670 5669 1684 1376 2805 4455 1929 266 5137 4700 8785 1995 4107 4106 280 2599 915 30
a 211 110 1126 1106 303 1469 43 123 404 179 3088 5138 0 160 541 221 4723 131 684 685 831 687 1168 1379 2806 4468 1517 1932 161 5008 5672 5671 5670 5669 1684 1376 2805 4455 1929 266 5137 4700 8785 1995 4107 4106 5508 86 915 280
a 211 110 1126 1106 303 1469 43 123 404 179 3088 5138 0 160 541 221 4723 131 684 685 831 687 1168 1379 2806 4468 1517 1932 161 5008 5672 5671 5670 5669 1684 1376 2805 4455 1929 266 5137 4700 8785 1995 4107 4106 5508 86 915 30
a 211 110 1126 1106 303 1469 43 123 404 179 3088 5138 0 160 541 221 4723 131 684 685 831 687 1168 1379 2806 4468 1517 1932 161 5008 5672 5671 5670 5669 1684 1376 2805 4455 1929 266 5137 4700 8785 1995 4107 4106 5508 937 915 280
a 211 110 1126 1106 303 1469 43 123 404 179 3088 5138 0 160 541 221 4723 131 684 685 831 687 1168 1379 2806 4468 1517 1932 161 5008 5672 5671 5670 5669 1684 1376 2805 4455 1929 266 5137 4700 8785 1995 4107 4106 5508 937 915 30
a 211 110 1126 1106 303 1469 43 123 404 179 3088 5138 0 160 541 221 4723 131 684 685 831 687 1168 1379 2806 4468 1517 1932 161 5008 5672 5671 5670 5669 1684 1376 2805 4455 1929 266 5137 4700 8785 1995 4107 4106 5508 2599 915 280
a 211 110 1126 1106 303 1469 43 123 404 179 3088 5138 0 160 541 221 4723 131 684 685 831 687 1168 1379 2806 4468 1517 1932 161 5008 5672 5671 5670 5669 1684 1376 2805 4455 1929 266 5137 4700 8785 1995 4107 4106 5508 2599 915 30
a 211 110 1126 1106 303 1469 43 123 404 179 3088 5138 0 160 541 221 4723 131 684 685 831 687 1168 1379 2806 4468 1517 1932 161 5008 5672 5671 5670 5669 1684 1376 2805 4455 1929 111 5137 4700 8785 1995 2330 1293 280 730 915 1047
a 211 110 1126 1106 303 1469 43 123 404 179 3088 5138 0 160 541 221 4723 131 684 685 831 687 1168 1379 2806 4468 1517 1932 161 5008 5672 5671 5670 5669 1684 1376 2805 4455 1929 111 5137 4700 8785 1995 2330 1293 280 730 915 937
a 211 110 1126 1106 303 1469 43 123 404 179 3088 5138 0 160 541 221 4723 131 684 685 831 687 1168 1379 2806 4468 1517 1932 161 5008 5672 5671 5670 5669 1684 1376 2805 4455 1929 111 5137 4700 8785 1995 2330 1293 280 2599 915 1047
a 211 110 1126 1106 303 1469 43 123 404 179 3088 5138 0 160 541 221 4723 131 684 685 831 687 1168 1379 2806 4468 1517 1932 161 5008 5672 5671 5670 5669 1684 1376 2805 4455 1929 111 5137 4700 8785 1995 2330 1293 280 2599 915 937
a 211 110 1126 1106 303 1469 43 123 404 179 3088 5138 0 160 541 221 4723 131 684 685 831 687 1168 1379 2806 4468 1517 1932 161 5008 5672 5671 5670 5669 1684 1376 2805 4455 1929 111 5137 4700 8785 1995 2330 1293 5508 730 915 1047
a 211 110 1126 1106 303 1469 43 123 404 179 3088 5138 0 160 541 221 4723 131 684 685 831 687 1168 1379 2806 4468 1517 1932 161 5008 5672 5671 5670 5669 1684 1376 2805 4455 1929 111 5137 4700 8785 1995 2330 1293 5508 730 915 937
a 211 110 1126 1106 303 1469 43 123 404 179 3088 5138 0 160 541 221 4723 131 684 685 831 687 1168 1379 2806 4468 1517 1932 161 5008 5672 5671 5670 5669 1684 1376 2805 4455 1929 111 5137 4700 8785 1995 2330 1293 5508 2599 915 1047
a 211 110 1126 1106 303 1469 43 123 404 179 3088 5138 0 160 541 221 4723 131 684 685 831 687 1168 1379 2806 4468 1517 1932 161 5008 5672 5671 5670 5669 1684 1376 2805 4455 1929 111 5137 4700 8785 1995 2330 1293 5508 2599 915 937
a 211 110 1126 1106 303 1469 43 123 404 179 3088 5138 0 160 541 221 4723 131 684 685 831 687 1168 1379 2806 4468 1517 1932 161 5008 5672 5671 5670 5669 1684 1376 2805 4455 1929 111 5137 4700 8785 1995 4107 4106 280 730 915 30
a 211 110 1126 1106 303 1469 43 123 404 179 3088 5138 0 160 541 221 4723 131 684 685 831 687 1168 1379 2806 4468 1517 1932 161 5008 5672 5671 5670 5669 1684 1376 2805 4455 1929 111 5137 4700 8785 1995 4107 4106 280 2599 915 30
a 211 110 1126 1106 303 1469 43 123 404 179 3088 5138 0 160 541 221 4723 131 684 685 831 687 1168 1379 2806 4468 1517 1932 161 5008 5672 5671 5670 5669 1684 1376 2805 4455 1929 111 5137 4700 8785 1995 4107 4106 5508 730 915 280
a 211 110 1126 1106 303 1469 43 123 404 179 3088 5138 0 160 541 221 4723 131 684 685 831 687 1168 1379 2806 4468 1517 1932 161 5008 5672 5671 5670 5669 1684 1376 2805 4455 1929 111 5137 4700 8785 1995 4107 4106 5508 730 915 30
a 211 110 1126 1106 303 1469 43 123 404 179 3088 5138 0 160 541 221 4723 131 684 685 831 687 1168 1379 2806 4468 1517 1932 161 5008 5672 5671 5670 5669 1684 1376 2805 4455 1929 111 5137 4700 8785 1995 4107 4106 5508 2599 915 280
a 211 110 1126 1106 303 1469 43 123 404 179 3088 5138 0 160 541 221 4723 131 684 685 831 687 1168 1379 2806 4468 1517 1932 161 5008 5672 5671 5670 5669 1684 1376 2805 4455 1929 111 5137 4700 8785 1995 4107 4106 5508 2599 915 30
a 211 110 1126 1106 303 1469 43 123 404 179 3088 5138 0 160 541 221 4723 131 684 685 831 687 1168 1379 2806 4468 1517 1932 1468 5008 5672 5671 5670 5669 1684 1376 2805 4455 1929 266 5137 4700 8785 1995 4107 4106 280 86 915 30
a 211 110 1126 1106 303 1469 43 123 404 179 3088 5138 0 160 541 221 4723 131 684 685 831 687 1168 1379 2806 4468 1517 1932 1468 5008 5672 5671 5670 5669 1684 1376 2805 4455 1929 266 5137 4700 8785 1995 4107 4106 280 937 915 30
a 211 110 1126 1106 303 1469 43 123 404 179 3088 5138 0 160 541 221 4723 131 684 685 831 687 1168 1379 2806 4468 1517 1932 1468 5008 5672 5671 5670 5669 1684 1376 2805 4455 1929 266 5137 4700 8785 1995 4107 4106 280 2599 915 30
a 211 110 1126 1106 303 1469 43 123 404 179 3088 5138 0 160 541 221 4723 131 684 685 831 687 1168 1379 2806 4468 1517 1932 1468 5008 5672 5671 5670 5669 1684 1376 2805 4455 1929 266 5137 4700 8785 1995 4107 4106 5508 86 915 280
a 211 110 1126 1106 303 1469 43 123 404 179 3088 5138 0 160 541 221 4723 131 684 685 831 687 1168 1379 2806 4468 1517 1932 1468 5008 5672 5671 5670 5669 1684 1376 2805 4455 1929 266 5137 4700 8785 1995 4107 4106 5508 86 915 30
a 211 110 1126 1106 303 1469 43 123 404 179 3088 5138 0 160 541 221 4723 131 684 685 831 687 1168 1379 2806 4468 1517 1932 1468 5008 5672 5671 5670 5669 1684 1376 2805 4455 1929 266 5137 4700 8785 1995 4107 4106 5508 937 915 280
a 211 110 1126 1106 303 1469 43 123 404 179 3088 5138 0 160 541 221 4723 131 684 685 831 687 1168 1379 2806 4468 1517 1932 1468 5008 5672 5671 5670 5669 1684 1376 2805 4455 1929 266 5137 4700 8785 1995 4107 4106 5508 937 915 30
a 211 110 1126 1106 303 1469 43 123 404 179 3088 5138 0 160 541 221 4723 131 684 685 831 687 1168 1379 2806 4468 1517 1932 1468 5008 5672 5671 5670 5669 1684 1376 2805 4455 1929 266 5137 4700 8785 1995 4107 4106 5508 2599 915 280
a 211 110 1126 1106 303 1469 43 123 404 179 3088 5138 0 160 541 221 4723 131 684 685 831 687 1168 1379 2806 4468 1517 1932 1468 5008 5672 5671 5670 5669 1684 1376 2805 4455 1929 266 5137 4700 8785 1995 4107 4106 5508 2599 915 30
a 211 110 1126 1106 303 1469 43 123 404 179 3088 5138 0 160 541 221 4723 131 684 685 831 687 1168 1379 2806 4468 1517 1932 1468 5008 5672 5671 5670 5669 1684 1376 2805 4455 1929 111 5137 4700 8785 1995 4107 4106 280 730 915 30
a 211 110 1126 1106 303 1469 43 123 404 179 3088 5138 0 160 541 221 4723 131 684 685 831 687 1168 1379 2806 4468 1517 1932 1468 5008 5672 5671 5670 5669 1684 1376 2805 4455 1929 111 5137 4700 8785 1995 4107 4106 280 2599 915 30
a 211 110 1126 1106 303 1469 43 123 404 179 3088 5138 0 160 541 221 4723 131 684 685 831 687 1168 1379 2806 4468 1517 1932 1468 5008 5672 5671 5670 5669 1684 1376 2805 4455 1929 111 5137 4700 8785 1995 4107 4106 5508 730 915 280
a 211 110 1126 1106 303 1469 43 123 404 179 3088 5138 0 160 541 221 4723 131 684 685 831 687 1168 1379 2806 4468 1517 1932 1468 5008 5672 5671 5670 5669 1684 1376 2805 4455 1929 111 5137 4700 8785 1995 4107 4106 5508 730 915 30
a 211 110 1126 1106 303 1469 43 123 404 179 3088 5138 0 160 541 221 4723 131 684 685 831 687 1168 1379 2806 4468 1517 1932 1468 5008 5672 5671 5670 5669 1684 1376 2805 4455 1929 111 5137 4700 8785 1995 4107 4106 5508 2599 915 280
a 211 110 1126 1106 303 1469 43 123 404 179 3088 5138 0 160 541 221 4723 131 684 685 831 687 1168 1379 2806 4468 1517 1932 1468 5008 5672 5671 5670 5669 1684 1376 2805 4455 1929 111 5137 4700 8785 1995 4107 4106 5508 2599 915 30
 48 